1	0
2	0
3	0
4	1
5	0
6	0
7	1
8	1
9	1
10	0
11	0
12	1
13	0
14	0
15	0
16	1
17	0
18	1
19	0
20	1
21	1
22	1
23	1
24	1
25	1
26	1
27	1
28	1
29	1
30	1
31	1
32	1
33	1
34	1
35	1
36	1
37	1
38	0
39	1
40	0
41	1
42	1
43	0
44	0
45	0
46	0
47	1
48	0
49	1
50	1
51	0
52	1
53	0
54	1
55	1
56	1
57	1
58	0
59	0
60	0
61	1
62	0
63	0
64	1
65	1
66	0
67	0
68	1
69	1
70	1
71	0
72	1
73	1
74	1
75	0
76	1
77	1
78	1
79	1
80	0
81	1
82	0
83	0
84	0
85	1
86	0
87	0
88	0
89	1
90	0
91	1
92	0
93	1
94	0
95	1
96	0
97	1
98	0
99	0
100	1
101	0
102	0
103	0
104	0
105	1
106	1
107	0
108	1
109	0
110	0
111	1
112	1
113	0
114	1
115	1
116	0
117	1
118	1
119	1
120	0
121	1
122	1
123	1
124	1
125	0
126	1
127	1
128	0
129	0
130	1
131	0
132	1
133	1
134	1
135	1
136	0
137	0
138	0
139	1
140	0
141	0
142	1
143	0
144	0
145	1
146	1
147	0
148	1
149	0
150	0
151	1
152	1
153	0
154	1
155	1
156	1
157	1
158	0
159	0
160	0
161	1
162	1
163	1
164	1
165	0
166	1
167	0
168	1
169	0
170	1
171	0
172	1
173	0
174	1
175	1
176	0
177	0
178	1
179	1
180	0
181	0
182	1
183	1
184	0
185	0
186	1
187	0
188	1
189	0
190	0
191	1
192	1
193	0
194	1
195	0
196	0
197	1
198	1
199	1
200	0
201	1
202	1
203	0
204	0
205	1
206	0
207	1
208	0
209	1
210	0
211	1
212	1
213	0
214	0
215	0
216	0
217	1
218	1
219	0
220	1
221	1
222	1
223	0
224	0
225	1
226	1
227	1
228	0
229	1
230	1
231	1
232	0
233	0
234	0
235	1
236	1
237	0
238	0
239	1
240	1
241	1
242	0
243	1
244	1
245	0
246	0
247	0
248	1
249	1
250	0
251	1
252	0
253	1
254	1
255	1
256	0
257	0
258	1
259	1
260	1
261	1
262	1
263	0
264	1
265	1
266	0
267	1
268	1
269	1
270	1
271	1
272	1
273	0
274	0
275	0
276	0
277	0
278	0
279	0
280	0
281	0
282	1
283	1
284	1
285	1
286	0
287	0
288	0
289	0
290	0
291	0
292	1
293	1
294	1
295	1
296	1
297	0
298	1
299	1
300	1
301	1
302	0
303	0
304	1
305	1
306	0
307	0
308	1
309	0
310	1
311	0
312	1
313	0
314	1
315	1
316	0
317	1
318	0
319	1
320	0
321	0
322	0
323	0
324	1
325	0
326	1
327	0
328	1
329	1
330	1
331	1
332	0
333	1
334	1
335	0
336	1
337	1
338	1
339	1
340	1
341	0
342	0
343	0
344	1
345	1
346	1
347	1
348	1
349	1
350	0
351	1
352	1
353	0
354	0
355	1
356	0
357	0
358	1
359	1
360	0
361	0
362	0
363	1
364	1
365	0
366	0
367	1
368	0
369	1
370	0
371	1
372	0
373	1
374	1
375	0
376	0
377	1
378	0
379	1
380	0
381	1
382	1
383	1
384	1
385	0
386	1
387	1
388	1
389	1
390	1
391	1
392	1
393	1
394	1
395	1
396	0
397	1
398	0
399	1
400	1
401	0
402	1
403	1
404	0
405	0
406	0
407	0
408	0
409	0
410	1
411	0
412	1
413	0
414	0
415	0
416	1
417	0
418	1
419	0
420	1
421	0
422	0
423	1
424	0
425	1
426	0
427	0
428	0
429	1
430	0
431	0
432	0
433	0
434	1
435	1
436	0
437	1
438	1
439	1
440	0
441	0
442	0
443	0
444	1
445	0
446	0
447	1
448	1
449	0
450	0
451	0
452	0
453	0
454	1
455	1
456	1
457	0
458	1
459	0
460	0
461	0
462	0
463	0
464	0
465	1
466	0
467	1
468	0
469	1
470	1
471	1
472	1
473	0
474	1
475	1
476	1
477	0
478	0
479	1
480	0
481	0
482	0
483	0
484	1
485	1
486	0
487	0
488	1
489	1
490	0
491	1
492	1
493	0
494	0
495	0
496	0
497	1
498	1
499	1
500	1
501	0
502	1
503	1
504	1
505	0
506	1
507	1
508	0
509	0
510	1
511	1
512	0
513	0
514	0
515	0
516	1
517	0
518	1
519	1
520	0
521	1
522	0
523	1
524	0
525	0
526	1
527	0
528	0
529	0
530	1
531	0
532	0
533	1
534	0
535	1
536	0
537	0
538	1
539	1
540	1
541	0
542	1
543	0
544	0
545	1
546	0
547	1
548	1
549	1
550	1
551	0
552	0
553	1
554	0
555	0
556	1
557	1
558	1
559	1
560	0
561	0
562	0
563	1
564	1
565	1
566	1
567	0
568	0
569	0
570	0
571	0
572	0
573	0
574	0
575	0
576	1
577	0
578	1
579	0
580	0
581	1
582	1
583	0
584	1
585	1
586	0
587	1
588	0
589	1
590	0
591	1
592	1
593	0
594	1
595	0
596	0
597	1
598	0
599	0
600	0
601	0
602	0
603	1
604	1
605	1
606	0
607	1
608	0
609	0
610	1
611	1
612	0
613	1
614	1
615	1
616	0
617	0
618	0
619	0
620	1
621	1
622	0
623	1
624	0
625	0
626	0
627	1
628	0
629	1
630	1
631	1
632	1
633	1
634	0
635	1
636	1
637	0
638	0
639	0
640	1
641	1
642	1
643	0
644	0
645	1
646	1
647	0
648	0
649	1
650	0
651	0
652	1
653	0
654	0
655	0
656	0
657	0
658	0
659	1
660	1
661	1
662	0
663	1
664	1
665	1
666	0
667	0
668	0
669	0
670	0
671	1
672	1
673	0
674	0
675	1
676	0
677	0
678	1
679	1
680	1
681	0
682	1
683	0
684	0
685	1
686	1
687	0
688	1
689	0
690	1
691	1
692	1
693	0
694	1
695	1
696	1
697	1
698	0
699	0
700	0
701	0
702	1
703	0
704	1
705	0
706	0
707	0
708	1
709	0
710	1
711	1
712	0
713	0
714	1
715	1
716	1
717	0
718	1
719	0
720	0
721	0
722	0
723	0
724	1
725	1
726	1
727	1
728	1
729	1
730	0
731	1
732	1
733	1
734	1
735	0
736	1
737	0
738	1
739	0
740	0
741	1
742	0
743	0
744	1
745	1
746	0
747	1
748	0
749	1
750	0
751	1
752	1
753	1
754	0
755	1
756	1
757	1
758	0
759	0
760	1
761	1
762	1
763	1
764	0
765	1
766	0
767	1
768	1
769	1
770	0
771	1
772	0
773	1
774	0
775	0
776	1
777	0
778	0
779	0
780	1
781	0
782	0
783	0
784	1
785	1
786	0
787	0
788	1
789	1
790	0
791	1
792	0
793	0
794	0
795	1
796	1
797	1
798	1
799	0
800	0
801	1
802	0
803	0
804	0
805	0
806	0
807	1
808	1
809	1
810	1
811	0
812	0
813	0
814	0
815	0
816	1
817	1
818	0
819	0
820	1
821	0
822	1
823	1
824	0
825	0
826	1
827	1
828	1
829	0
830	1
831	0
832	0
833	1
834	1
835	0
836	0
837	0
838	1
839	0
840	1
841	1
842	1
843	0
844	0
845	1
846	0
847	1
848	1
849	0
850	1
851	1
852	1
853	0
854	0
855	1
856	1
857	1
858	0
859	1
860	0
861	0
862	1
863	1
864	0
865	0
866	1
867	1
868	1
869	1
870	0
871	1
872	0
873	1
874	0
875	0
876	1
877	0
878	1
879	0
880	1
881	1
882	1
883	0
884	0
885	0
886	1
887	1
888	0
889	0
890	1
891	0
892	0
893	0
894	1
895	1
896	1
897	0
898	1
899	0
900	1
901	1
902	0
903	0
904	1
905	1
906	1
907	0
908	1
909	0
910	1
911	0
912	1
913	1
914	0
915	1
916	0
917	1
918	1
919	1
920	0
921	0
922	1
923	1
924	0
925	0
926	0
927	1
928	1
929	0
930	1
931	1
932	1
933	0
934	1
935	0
936	0
937	1
938	1
939	1
940	0
941	1
942	1
943	0
944	0
945	0
946	0
947	0
948	1
949	0
950	1
951	1
952	0
953	1
954	1
955	0
956	0
957	0
958	1
959	0
960	1
961	0
962	0
963	0
964	0
965	0
966	1
967	1
968	0
969	0
970	0
971	1
972	0
973	0
974	1
975	1
976	1
977	1
978	0
979	0
980	1
981	1
982	1
983	0
984	0
985	1
986	0
987	1
988	0
989	1
990	0
991	0
992	0
993	1
994	1
995	0
996	0
997	0
998	0
999	1
1000	0
1001	0
1002	1
1003	1
1004	1
1005	1
1006	0
1007	0
1008	1
1009	0
1010	1
1011	1
1012	0
1013	1
1014	1
1015	1
1016	0
1017	0
1018	0
1019	0
1020	1
1021	1
1022	1
1023	1
1024	0
1025	1
1026	1
1027	0
1028	0
1029	0
1030	1
1031	1
1032	0
1033	1
1034	0
1035	1
1036	1
1037	0
1038	0
1039	0
1040	0
1041	0
1042	0
1043	0
1044	1
1045	1
1046	1
1047	1
1048	0
1049	0
1050	0
1051	0
1052	0
1053	0
1054	1
1055	1
1056	0
1057	1
1058	0
1059	1
1060	1
1061	1
1062	1
1063	1
1064	1
1065	0
1066	0
1067	1
1068	1
1069	0
1070	0
1071	1
1072	0
1073	0
1074	0
1075	0
1076	1
1077	0
1078	1
1079	1
1080	1
1081	1
1082	1
1083	0
1084	1
1085	1
1086	0
1087	0
1088	1
1089	0
1090	0
1091	1
1092	1
1093	0
1094	1
1095	0
1096	1
1097	1
1098	1
1099	1
1100	1
1101	1
1102	1
1103	1
1104	1
1105	0
1106	0
1107	0
1108	1
1109	1
1110	1
1111	1
1112	1
1113	1
1114	0
1115	1
1116	1
1117	0
1118	1
1119	1
1120	1
1121	1
1122	1
1123	0
1124	0
1125	0
1126	0
1127	1
1128	1
1129	0
1130	1
1131	1
1132	1
1133	0
1134	0
1135	0
1136	0
1137	0
1138	1
1139	1
1140	1
1141	0
1142	0
1143	0
1144	1
1145	1
1146	0
1147	1
1148	1
1149	0
1150	1
1151	1
1152	0
1153	0
1154	1
1155	1
1156	0
1157	0
1158	0
1159	1
1160	1
1161	1
1162	1
1163	0
1164	1
1165	0
1166	0
1167	1
1168	0
1169	0
1170	1
1171	0
1172	1
1173	0
1174	1
1175	0
1176	1
1177	1
1178	0
1179	0
1180	0
1181	0
1182	0
1183	0
1184	1
1185	0
1186	1
1187	0
1188	1
1189	0
1190	0
1191	0
1192	1
1193	1
1194	0
1195	0
1196	0
1197	1
1198	1
1199	1
1200	1
1201	0
1202	1
1203	1
1204	0
1205	1
1206	0
1207	1
1208	1
1209	1
1210	0
1211	0
1212	0
1213	0
1214	1
1215	1
1216	1
1217	0
1218	0
1219	1
1220	1
1221	1
1222	1
1223	0
1224	1
1225	1
1226	1
1227	1
1228	0
1229	1
1230	0
1231	1
1232	0
1233	1
1234	1
1235	0
1236	0
1237	1
1238	0
1239	0
1240	1
1241	0
1242	0
1243	0
1244	1
1245	1
1246	0
1247	0
1248	0
1249	0
1250	0
1251	1
1252	1
1253	1
1254	1
1255	0
1256	1
1257	1
1258	0
1259	1
1260	1
1261	0
1262	0
1263	0
1264	0
1265	1
1266	1
1267	1
1268	1
1269	0
1270	1
1271	1
1272	0
1273	0
1274	0
1275	1
1276	1
1277	1
1278	0
1279	1
1280	1
1281	1
1282	1
1283	1
1284	0
1285	0
1286	0
1287	0
1288	0
1289	0
1290	0
1291	1
1292	0
1293	0
1294	1
1295	1
1296	0
1297	0
1298	0
1299	0
1300	1
1301	0
1302	1
1303	0
1304	1
1305	1
1306	0
1307	0
1308	1
1309	1
1310	0
1311	1
1312	1
1313	0
1314	0
1315	1
1316	1
1317	0
1318	0
1319	0
1320	1
1321	0
1322	1
1323	0
1324	0
1325	1
1326	1
1327	1
1328	1
1329	1
1330	0
1331	1
1332	1
1333	0
1334	1
1335	0
1336	0
1337	0
1338	0
1339	1
1340	0
1341	1
1342	0
1343	1
1344	1
1345	1
1346	0
1347	1
1348	1
1349	1
1350	0
1351	1
1352	0
1353	1
1354	0
1355	1
1356	1
1357	1
1358	1
1359	0
1360	1
1361	1
1362	1
1363	0
1364	1
1365	0
1366	0
1367	1
1368	0
1369	0
1370	1
1371	0
1372	0
1373	0
1374	1
1375	0
1376	0
1377	1
1378	1
1379	1
1380	0
1381	1
1382	0
1383	0
1384	0
1385	1
1386	0
1387	1
1388	0
1389	1
1390	0
1391	0
1392	1
1393	1
1394	1
1395	1
1396	1
1397	0
1398	0
1399	0
1400	0
1401	1
1402	0
1403	1
1404	0
1405	1
1406	1
1407	0
1408	1
1409	1
1410	0
1411	0
1412	0
1413	1
1414	1
1415	1
1416	1
1417	0
1418	1
1419	0
1420	0
1421	1
1422	0
1423	1
1424	1
1425	1
1426	0
1427	0
1428	0
1429	0
1430	0
1431	1
1432	1
1433	1
1434	1
1435	0
1436	1
1437	0
1438	1
1439	0
1440	1
1441	0
1442	0
1443	1
1444	1
1445	0
1446	1
1447	0
1448	0
1449	1
1450	0
1451	1
1452	0
1453	1
1454	0
1455	0
1456	1
1457	1
1458	0
1459	0
1460	0
1461	1
1462	1
1463	1
1464	0
1465	0
1466	0
1467	0
1468	0
1469	1
1470	1
1471	1
1472	0
1473	1
1474	0
1475	1
1476	1
1477	1
1478	0
1479	1
1480	1
1481	0
1482	1
1483	1
1484	0
1485	1
1486	1
1487	0
1488	1
1489	1
1490	0
1491	0
1492	1
1493	0
1494	1
1495	0
1496	0
1497	1
1498	0
1499	1
1500	1
1501	1
1502	0
1503	1
1504	0
1505	1
1506	1
1507	0
1508	1
1509	1
1510	0
1511	1
1512	1
1513	1
1514	1
1515	1
1516	0
1517	1
1518	0
1519	0
1520	1
1521	0
1522	1
1523	1
1524	1
1525	0
1526	0
1527	0
1528	0
1529	0
1530	1
1531	1
1532	0
1533	0
1534	0
1535	0
1536	0
1537	0
1538	0
1539	0
1540	0
1541	1
1542	1
1543	1
1544	1
1545	1
1546	1
1547	0
1548	1
1549	1
1550	1
1551	0
1552	1
1553	1
1554	0
1555	1
1556	0
1557	0
1558	0
1559	0
1560	0
1561	1
1562	1
1563	1
1564	0
1565	1
1566	1
1567	1
1568	1
1569	1
1570	1
1571	1
1572	1
1573	0
1574	1
1575	0
1576	1
1577	0
1578	1
1579	1
1580	0
1581	0
1582	0
1583	1
1584	0
1585	0
1586	0
1587	1
1588	0
1589	1
1590	0
1591	0
1592	1
1593	1
1594	0
1595	0
1596	1
1597	1
1598	1
1599	1
1600	1
1601	0
1602	0
1603	1
1604	1
1605	0
1606	0
1607	1
1608	1
1609	1
1610	1
1611	0
1612	1
1613	1
1614	1
1615	0
1616	1
1617	0
1618	1
1619	0
1620	1
1621	1
1622	1
1623	0
1624	0
1625	0
1626	0
1627	0
1628	0
1629	1
1630	0
1631	1
1632	1
1633	0
1634	0
1635	1
1636	0
1637	1
1638	1
1639	1
1640	1
1641	1
1642	0
1643	1
1644	1
1645	1
1646	1
1647	0
1648	1
1649	0
1650	1
1651	0
1652	0
1653	0
1654	0
1655	0
1656	0
1657	0
1658	1
1659	0
1660	1
1661	1
1662	0
1663	1
1664	1
1665	1
1666	1
1667	1
1668	0
1669	0
1670	0
1671	0
1672	0
1673	1
1674	1
1675	1
1676	0
1677	0
1678	0
1679	1
1680	0
1681	0
1682	1
1683	1
1684	0
1685	1
1686	0
1687	0
1688	1
1689	1
1690	0
1691	0
1692	1
1693	0
1694	0
1695	1
1696	1
1697	0
1698	0
1699	1
1700	1
1701	1
1702	1
1703	1
1704	0
1705	1
1706	1
1707	1
1708	0
1709	0
1710	0
1711	0
1712	0
1713	0
1714	1
1715	0
1716	0
1717	1
1718	0
1719	0
1720	0
1721	1
1722	1
1723	1
1724	1
1725	0
1726	0
1727	0
1728	0
1729	0
1730	1
1731	1
1732	0
1733	0
1734	0
1735	1
1736	0
1737	1
1738	0
1739	0
1740	1
1741	1
1742	1
1743	0
1744	1
1745	1
1746	1
1747	0
1748	0
1749	0
1750	0
1751	0
1752	1
1753	0
1754	0
1755	1
1756	1
1757	1
1758	1
1759	1
1760	1
1761	0
1762	0
1763	0
1764	1
1765	1
1766	0
1767	1
1768	1
1769	0
1770	0
1771	0
1772	0
1773	1
1774	1
1775	0
1776	0
1777	0
1778	1
1779	0
1780	0
1781	1
1782	0
1783	1
1784	0
1785	0
1786	1
1787	0
1788	0
1789	0
1790	0
1791	1
1792	1
1793	0
1794	1
1795	0
1796	0
1797	1
1798	1
1799	1
1800	0
1801	0
1802	1
1803	0
1804	0
1805	1
1806	1
1807	1
1808	0
1809	0
1810	1
1811	0
1812	1
1813	1
1814	0
1815	1
1816	0
1817	0
1818	0
1819	1
1820	0
1821	0
1822	0
1823	0
1824	0
1825	1
1826	0
1827	0
1828	0
1829	1
1830	1
1831	1
1832	0
1833	0
1834	1
1835	1
1836	0
1837	0
1838	0
1839	1
1840	1
1841	1
1842	1
1843	1
1844	0
1845	0
1846	1
1847	0
1848	1
1849	1
1850	1
1851	1
1852	0
1853	0
1854	1
1855	0
1856	0
1857	0
1858	0
1859	0
1860	1
1861	0
1862	1
1863	0
1864	0
1865	0
1866	1
1867	1
1868	0
1869	0
1870	1
1871	1
1872	1
1873	1
1874	0
1875	1
1876	1
1877	1
1878	0
1879	0
1880	1
1881	1
1882	0
1883	0
1884	1
1885	0
1886	1
1887	0
1888	1
1889	0
1890	0
1891	0
1892	0
1893	0
1894	0
1895	1
1896	1
1897	0
1898	0
1899	1
1900	1
1901	1
1902	0
1903	1
1904	1
1905	1
1906	1
1907	0
1908	1
1909	1
1910	1
1911	1
1912	0
1913	1
1914	1
1915	0
1916	0
1917	1
1918	1
1919	0
1920	1
1921	1
1922	0
1923	0
1924	1
1925	0
1926	0
1927	0
1928	1
1929	0
1930	1
1931	1
1932	1
1933	0
1934	1
1935	0
1936	0
1937	1
1938	1
1939	0
1940	0
1941	1
1942	0
1943	0
1944	1
1945	0
1946	0
1947	0
1948	0
1949	1
1950	0
1951	1
1952	1
1953	1
1954	0
1955	1
1956	0
1957	0
1958	1
1959	1
1960	0
1961	1
1962	0
1963	1
1964	0
1965	0
1966	1
1967	0
1968	1
1969	0
1970	1
1971	1
1972	0
1973	0
1974	1
1975	0
1976	1
1977	1
1978	1
1979	0
1980	1
1981	1
1982	1
1983	1
1984	0
1985	1
1986	1
1987	0
1988	1
1989	1
1990	0
1991	1
1992	0
1993	0
1994	1
1995	0
1996	1
1997	0
1998	0
1999	0
2000	1
2001	0
2002	0
2003	1
2004	1
2005	1
2006	1
2007	0
2008	0
2009	0
2010	0
2011	0
2012	0
2013	0
2014	1
2015	1
2016	0
2017	1
2018	1
2019	0
2020	0
2021	1
2022	0
2023	0
2024	1
2025	1
2026	0
2027	0
2028	1
2029	0
2030	1
2031	1
2032	0
2033	0
2034	1
2035	1
2036	0
2037	0
2038	0
2039	1
2040	0
2041	0
2042	0
2043	0
2044	0
2045	0
2046	0
2047	1
2048	1
2049	0
2050	0
2051	1
2052	0
2053	0
2054	0
2055	0
2056	1
2057	1
2058	0
2059	1
2060	1
2061	1
2062	1
2063	1
2064	1
2065	1
2066	0
2067	1
2068	0
2069	0
2070	1
2071	1
2072	0
2073	1
2074	1
2075	0
2076	1
2077	1
2078	1
2079	1
2080	0
2081	1
2082	1
2083	1
2084	1
2085	0
2086	1
2087	0
2088	0
2089	0
2090	0
2091	1
2092	0
2093	0
2094	1
2095	0
2096	0
2097	1
2098	1
2099	0
2100	1
2101	1
2102	1
2103	0
2104	0
2105	1
2106	0
2107	1
2108	0
2109	1
2110	0
2111	0
2112	0
2113	1
2114	0
2115	0
2116	1
2117	1
2118	1
2119	0
2120	0
2121	0
2122	0
2123	0
2124	1
2125	1
2126	1
2127	0
2128	1
2129	1
2130	1
2131	1
2132	0
2133	0
2134	0
2135	1
2136	0
2137	0
2138	0
2139	1
2140	1
2141	0
2142	1
2143	1
2144	1
2145	0
2146	0
2147	1
2148	0
2149	1
2150	0
2151	1
2152	1
2153	0
2154	1
2155	0
2156	0
2157	1
2158	1
2159	1
2160	0
2161	0
2162	1
2163	1
2164	1
2165	0
2166	1
2167	0
2168	0
2169	1
2170	1
2171	0
2172	1
2173	1
2174	0
2175	1
2176	1
2177	0
2178	1
2179	1
2180	1
2181	0
2182	0
2183	1
2184	1
2185	1
2186	0
2187	1
2188	1
2189	0
2190	1
2191	1
2192	0
2193	0
2194	0
2195	0
2196	1
2197	0
2198	1
2199	1
2200	1
2201	1
2202	0
2203	1
2204	0
2205	0
2206	1
2207	1
2208	1
2209	1
2210	0
2211	0
2212	0
2213	1
2214	1
2215	1
2216	1
2217	1
2218	1
2219	0
2220	0
2221	1
2222	1
2223	0
2224	1
2225	0
2226	0
2227	1
2228	0
2229	0
2230	0
2231	0
2232	1
2233	0
2234	1
2235	0
2236	1
2237	1
2238	0
2239	1
2240	0
2241	1
2242	1
2243	1
2244	0
2245	0
2246	0
2247	0
2248	0
2249	1
2250	0
2251	0
2252	1
2253	1
2254	0
2255	1
2256	1
2257	0
2258	1
2259	1
2260	1
2261	1
2262	0
2263	1
2264	1
2265	0
2266	1
2267	1
2268	0
2269	1
2270	0
2271	1
2272	1
2273	0
2274	1
2275	0
2276	0
2277	0
2278	1
2279	1
2280	1
2281	0
2282	0
2283	1
2284	1
2285	0
2286	0
2287	1
2288	1
2289	0
2290	0
2291	1
2292	1
2293	1
2294	1
2295	1
2296	1
2297	1
2298	0
2299	0
2300	1
2301	1
2302	0
2303	1
2304	1
2305	1
2306	1
2307	0
2308	0
2309	1
2310	1
2311	0
2312	0
2313	0
2314	1
2315	0
2316	1
2317	0
2318	1
2319	0
2320	1
2321	0
2322	0
2323	0
2324	0
2325	0
2326	1
2327	1
2328	1
2329	0
2330	0
2331	1
2332	0
2333	0
2334	0
2335	1
2336	1
2337	0
2338	1
2339	0
2340	0
2341	0
2342	0
2343	1
2344	1
2345	0
2346	1
2347	1
2348	0
2349	0
2350	1
2351	0
2352	1
2353	0
2354	0
2355	1
2356	1
2357	1
2358	0
2359	1
2360	1
2361	0
2362	1
2363	0
2364	0
2365	0
2366	0
2367	1
2368	0
2369	1
2370	1
2371	1
2372	1
2373	1
2374	1
2375	1
2376	1
2377	0
2378	1
2379	1
2380	1
2381	1
2382	1
2383	0
2384	0
2385	0
2386	1
2387	0
2388	0
2389	1
2390	0
2391	1
2392	0
2393	1
2394	1
2395	1
2396	0
2397	0
2398	0
2399	1
2400	1
2401	0
2402	1
2403	0
2404	1
2405	1
2406	0
2407	1
2408	0
2409	1
2410	0
2411	0
2412	0
2413	0
2414	1
2415	0
2416	1
2417	1
2418	1
2419	1
2420	1
2421	0
2422	1
2423	0
2424	1
2425	1
2426	1
2427	1
2428	1
2429	0
2430	0
2431	1
2432	1
2433	1
2434	0
2435	1
2436	0
2437	0
2438	0
2439	0
2440	0
2441	0
2442	0
2443	0
2444	1
2445	1
2446	0
2447	0
2448	0
2449	0
2450	1
2451	0
2452	0
2453	1
2454	0
2455	0
2456	0
2457	0
2458	0
2459	1
2460	1
2461	1
2462	0
2463	1
2464	0
2465	0
2466	0
2467	0
2468	1
2469	0
2470	0
2471	1
2472	0
2473	0
2474	1
2475	1
2476	1
2477	0
2478	0
2479	0
2480	1
2481	0
2482	1
2483	0
2484	0
2485	0
2486	1
2487	1
2488	1
2489	1
2490	1
2491	1
2492	1
2493	1
2494	1
2495	1
2496	1
2497	1
2498	0
2499	0
2500	0
2501	0
2502	1
2503	1
2504	0
2505	0
2506	0
2507	1
2508	1
2509	0
2510	1
2511	1
2512	1
2513	0
2514	0
2515	0
2516	1
2517	0
2518	1
2519	0
2520	1
2521	1
2522	1
2523	0
2524	1
2525	1
2526	0
2527	1
2528	0
2529	1
2530	0
2531	1
2532	1
2533	1
2534	0
2535	1
2536	1
2537	1
2538	1
2539	1
2540	0
2541	1
2542	1
2543	0
2544	0
2545	0
2546	0
2547	0
2548	0
2549	0
2550	1
2551	0
2552	0
2553	1
2554	1
2555	0
2556	0
2557	1
2558	1
2559	1
2560	0
2561	1
2562	1
2563	1
2564	1
2565	0
2566	0
2567	0
2568	1
2569	1
2570	0
2571	0
2572	1
2573	1
2574	1
2575	1
2576	1
2577	1
2578	1
2579	1
2580	1
2581	1
2582	0
2583	1
2584	0
2585	0
2586	0
2587	1
2588	0
2589	1
2590	0
2591	0
2592	0
2593	1
2594	0
2595	0
2596	0
2597	0
2598	1
2599	0
2600	1
2601	0
2602	1
2603	0
2604	1
2605	1
2606	0
2607	0
2608	1
2609	0
2610	1
2611	0
2612	0
2613	1
2614	0
2615	1
2616	0
2617	1
2618	0
2619	0
2620	0
2621	1
2622	0
2623	1
2624	1
2625	1
2626	1
2627	1
2628	0
2629	1
2630	1
2631	1
2632	1
2633	0
2634	1
2635	0
2636	1
2637	1
2638	0
2639	1
2640	1
2641	0
2642	0
2643	1
2644	1
2645	1
2646	0
2647	0
2648	1
2649	0
2650	1
2651	0
2652	1
2653	1
2654	1
2655	1
2656	1
2657	0
2658	0
2659	1
2660	1
2661	0
2662	0
2663	1
2664	0
2665	1
2666	0
2667	0
2668	1
2669	1
2670	0
2671	1
2672	1
2673	1
2674	1
2675	1
2676	1
2677	0
2678	0
2679	1
2680	1
2681	0
2682	0
2683	0
2684	1
2685	1
2686	1
2687	0
2688	0
2689	1
2690	0
2691	1
2692	1
2693	0
2694	0
2695	1
2696	1
2697	1
2698	1
2699	1
2700	1
2701	1
2702	1
2703	1
2704	0
2705	0
2706	0
2707	1
2708	0
2709	1
2710	1
2711	0
2712	0
2713	0
2714	0
2715	1
2716	0
2717	1
2718	1
2719	0
2720	0
2721	1
2722	0
2723	1
2724	0
2725	1
2726	0
2727	0
2728	1
2729	0
2730	0
2731	0
2732	1
2733	1
2734	0
2735	0
2736	1
2737	0
2738	0
2739	1
2740	1
2741	1
2742	0
2743	0
2744	0
2745	1
2746	1
2747	0
2748	1
2749	0
2750	1
2751	0
2752	0
2753	1
2754	0
2755	1
2756	1
2757	1
2758	0
2759	1
2760	1
2761	1
2762	0
2763	0
2764	1
2765	1
2766	0
2767	0
2768	0
2769	1
2770	0
2771	0
2772	0
2773	1
2774	1
2775	1
2776	1
2777	0
2778	1
2779	0
2780	1
2781	1
2782	0
2783	1
2784	1
2785	1
2786	0
2787	0
2788	0
2789	0
2790	1
2791	1
2792	1
2793	0
2794	0
2795	0
2796	1
2797	0
2798	1
2799	0
2800	1
2801	1
2802	0
2803	1
2804	0
2805	0
2806	1
2807	1
2808	0
2809	1
2810	0
2811	1
2812	0
2813	0
2814	0
2815	0
2816	0
2817	0
2818	1
2819	1
2820	0
2821	1
2822	1
2823	0
2824	1
2825	0
2826	0
2827	1
2828	0
2829	1
2830	1
2831	0
2832	1
2833	1
2834	0
2835	0
2836	1
2837	0
2838	1
2839	1
2840	1
2841	1
2842	1
2843	0
2844	1
2845	1
2846	0
2847	0
2848	1
2849	1
2850	0
2851	1
2852	0
2853	0
2854	1
2855	1
2856	0
2857	0
2858	1
2859	1
2860	0
2861	1
2862	1
2863	0
2864	1
2865	1
2866	0
2867	1
2868	1
2869	0
2870	0
2871	0
2872	0
2873	0
2874	0
2875	1
2876	1
2877	0
2878	1
2879	0
2880	1
2881	0
2882	0
2883	0
2884	1
2885	0
2886	1
2887	1
2888	0
2889	0
2890	1
2891	0
2892	0
2893	1
2894	1
2895	1
2896	0
2897	0
2898	0
2899	0
2900	0
2901	1
2902	0
2903	0
2904	0
2905	0
2906	0
2907	1
2908	0
2909	0
2910	1
2911	1
2912	0
2913	0
2914	1
2915	1
2916	1
2917	1
2918	1
2919	0
2920	1
2921	0
2922	1
2923	1
2924	0
2925	1
2926	0
2927	1
2928	1
2929	0
2930	1
2931	1
2932	0
2933	0
2934	0
2935	1
2936	1
2937	1
2938	1
2939	1
2940	1
2941	0
2942	0
2943	1
2944	1
2945	1
2946	1
2947	1
2948	1
2949	0
2950	1
2951	1
2952	1
2953	0
2954	0
2955	0
2956	0
2957	1
2958	0
2959	0
2960	1
2961	0
2962	0
2963	1
2964	1
2965	0
2966	1
2967	0
2968	1
2969	1
2970	1
2971	0
2972	0
2973	0
2974	0
2975	1
2976	1
2977	0
2978	1
2979	0
2980	1
2981	1
2982	1
2983	1
2984	1
2985	1
2986	0
2987	0
2988	0
2989	0
2990	0
2991	1
2992	0
2993	1
2994	1
2995	1
2996	0
2997	0
2998	1
2999	0
3000	1
3001	1
3002	1
3003	1
3004	0
3005	0
3006	1
3007	1
3008	1
3009	1
3010	1
3011	1
3012	0
3013	1
3014	0
3015	1
3016	1
3017	1
3018	0
3019	1
3020	0
3021	1
3022	0
3023	0
3024	0
3025	1
3026	0
3027	0
3028	0
3029	1
3030	0
3031	1
3032	1
3033	1
3034	1
3035	1
3036	0
3037	1
3038	0
3039	0
3040	0
3041	1
3042	0
3043	0
3044	0
3045	1
3046	0
3047	1
3048	0
3049	0
3050	0
3051	0
3052	0
3053	1
3054	1
3055	1
3056	1
3057	1
3058	0
3059	0
3060	1
3061	1
3062	0
3063	1
3064	1
3065	0
3066	0
3067	0
3068	1
3069	1
3070	1
3071	1
3072	1
3073	0
3074	0
3075	0
3076	0
3077	0
3078	0
3079	1
3080	0
3081	1
3082	1
3083	1
3084	0
3085	1
3086	1
3087	0
3088	0
3089	0
3090	0
3091	0
3092	0
3093	1
3094	0
3095	0
3096	0
3097	0
